media_idades_reprod:[406.38709677419354]

media_idades_reprod:[406.38709677419354, 411.80357142857144]

media_idades_reprod:[406.38709677419354, 411.80357142857144, 403.14285714285717]

media_idades_reprod:[406.38709677419354, 411.80357142857144, 403.14285714285717, 400.0113636363636]

